image: levine_2_202110242235.pgm
resolution: 0.050000
origin: [-23.781177, -21.010088, 0.000000]
negate: 0
occupied_thresh: 0.65
free_thresh: 0.196

