image: levine_floorplan.pgm
resolution: 0.050000
origin: [-18.371800, -12.803900, 0]
negate: 0
occupied_thresh: 0.65
free_thresh: 0.196
